$hessian
	0.3435619684645933 -0.193392451504427 0.0 -0.0634613000815539 -0.0448043752683043 0.0 0.01918148509286927 0.05402677198274106 0.0 -0.05765246890094859 -0.009976454603532726 0.0 -0.2299387370621808 0.1955293050156984 0.0 0.005600551882823413 0.0011725703839549496 0.0 -0.015418860026294801 -0.0011552081382830335 0.0 
	-0.193392451504427 0.9617667199133778 0.0 0.05528611778020089 0.00027577438117437164 0.0 -0.07695352387594119 -0.27575173026848937 0.0 0.04909158051163994 -0.17795623321188858 0.0 0.25519133745489353 -0.46977868569760217 0.0 -0.00210020297663048 -0.015436222271966718 0.0 -0.07753209693587369 -0.022419545900395767 0.0 
	0.0 0.0 0.1655671467364818 0.0 0.0 -0.05317048656005219 0.0 0.0 0.005145408750465006 0.0 0.0 -0.0634613040609822 0.0 0.0 -0.07557267021477604 0.0 0.0 0.0018552890619208595 0.0 0.0 0.014491215495334372 
	-0.0634613000815539 0.05528611778020089 0.0 0.1397687558141701 0.3414752517704707 0.0 -0.07399703945605013 -0.3320059991803141 0.0 -0.01797420613528369 -0.05464004963687591 0.0 0.017991564401527306 -0.007542608399392555 0.0 0.007245607747667186 -0.00047249741917372324 0.0 -0.012146094624565971 -0.002800279920840006 0.0 
	-0.0448043752683043 0.00027577438117437164 0.0 0.3414752517704707 1.461320514842394 0.0 -0.29878843376561226 -1.2000194934685755 0.0 -0.015156579886484965 -0.06731070852048986 0.0 0.039955975128421264 -0.14864014705542525 0.0 -0.003745262820902553 0.007228253460851869 0.0 -0.014263651888011769 -0.005145404771036706 0.0 
	0.0 0.0 -0.05317048656005219 0.0 0.0 0.012076657580163207 0.0 0.0 0.011235804380420858 0.0 0.0 0.004655549085619367 0.0 0.0 0.01025610096844278 0.0 0.0 0.007945676733020112 0.0 0.0 -0.0009449948383474465 
	0.01918148509286927 -0.07695352387594119 0.0 -0.07399703945605013 -0.29878843376561226 0.0 0.11435607495924235 0.409451308764398 0.0 -0.010290817500930012 0.0198815540782222 0.0 -0.013563590861515441 0.03601784135611354 0.0 -0.04807715260831803 -0.0870360541202327 0.0 0.008418186090478735 -3.979428299774483e-09 0.0 
	0.05402677198274106 -0.27575173026848937 0.0 -0.3320059991803141 -1.2000194934685755 0.0 0.409451308764398 1.6605931526562696 0.0 -0.035317776350188915 0.0673627753603641 0.0 -0.038118048312172324 0.12161711492985607 0.0 -0.08563591614952684 -0.3822200092793318 0.0 0.025026966808115503 0.007718113125697508 0.0 
	0.0 0.0 0.005145408750465006 0.0 0.0 0.011235804380420858 0.0 0.0 0.011166379274302992 0.0 0.0 0.0 0.0 0.0 0.0014001379707058532 0.0 0.0 -0.023802329584286304 0.0 0.0 0.0014001379707058532 
	-0.05765246890094859 0.04909158051163994 0.0 -0.01797420613528369 -0.015156579886484965 0.0 -0.010290817500930012 -0.035317776350188915 0.0 0.2226931173762287 0.00371055822670022 0.0 -0.08358778399219892 0.027320028797866252 0.0 -3.979428299774483e-09 -0.002572700395804203 0.0 -0.05506048419560368 -0.029647803340675936 0.0 
	-0.009976454603532726 -0.17795623321188858 0.0 -0.05464004963687591 -0.06731070852048986 0.0 0.0198815540782222 0.0673627753603641 0.0 0.00371055822670022 0.4704806966439654 0.0 0.010904103113921456 0.04720158287608845 0.0 0.0014001379707058532 0.002572704375232503 0.0 0.02802008982436258 -0.343050886508625 0.0 
	0.0 0.0 -0.0634613040609822 0.0 0.0 0.004655549085619367 0.0 0.0 0.0 0.0 0.0 0.0662615720435373 0.0 0.0 0.0186569128749647 0.0 0.0 -0.0014001379707058532 0.0 0.0 -0.029858008681754925 
	-0.2299387370621808 0.25519133745489353 0.0 0.017991564401527306 0.039955975128421264 0.0 -0.013563590861515441 -0.038118048312172324 0.0 -0.08358778399219892 0.010904103113921456 0.0 0.310743595420355 -0.26394314687574044 0.0 -3.979428299774483e-09 -0.002572700395804203 0.0 -0.0009449988177757462 0.00185528110306426 0.0 
	0.1955293050156984 -0.46977868569760217 0.0 -0.007542608399392555 -0.14864014705542525 0.0 0.03601784135611354 0.12161711492985607 0.0 0.027320028797866252 0.04720158287608845 0.0 -0.26394314687574044 0.4348639896193257 0.0 -0.00210020297663048 0.003972842345938356 0.0 0.013318653070236022 0.006317971175563356 0.0 
	0.0 0.0 -0.07557267021477604 0.0 0.0 0.01025610096844278 0.0 0.0 0.0014001379707058532 0.0 0.0 0.0186569128749647 0.0 0.0 0.044314515603458664 0.0 0.0 -0.0014001379707058532 0.0 0.0 -0.00420040595326096 
	0.005600551882823413 -0.00210020297663048 0.0 0.007245607747667186 -0.003745262820902553 0.0 -0.04807715260831803 -0.08563591614952684 0.0 -3.979428299774483e-09 0.0014001379707058532 0.0 -3.979428299774483e-09 -0.00210020297663048 0.0 0.03710362836770701 0.08820861654533105 0.0 3.979428299774483e-09 3.979428299774483e-09 0.0 
	0.0011725703839549496 -0.015436222271966718 0.0 -0.00047249741917372324 0.007228253460851869 0.0 -0.0870360541202327 -0.3822200092793318 0.0 -0.002572700395804203 0.002572704375232503 0.0 -0.002572700395804203 0.003972842345938356 0.0 0.08820861654533105 0.3834099220118172 0.0 0.0 0.0007000650059246268 0.0 
	0.0 0.0 0.0018552890619208595 0.0 0.0 0.007945676733020112 0.0 0.0 -0.023802329584286304 0.0 0.0 -0.0014001379707058532 0.0 0.0 -0.0014001379707058532 0.0 0.0 0.01680163973075704 0.0 0.0 -0.0014001379707058532 
	-0.015418860026294801 -0.07753209693587369 0.0 -0.012146094624565971 -0.014263651888011769 0.0 0.008418186090478735 0.025026966808115503 0.0 -0.05506048419560368 0.02802008982436258 0.0 -0.0009449988177757462 0.013318653070236022 0.0 3.979428299774483e-09 0.0 0.0 0.07515224361490487 0.024729962176961835 0.0 
	-0.0011552081382830335 -0.022419545900395767 0.0 -0.002800279920840006 -0.005145404771036706 0.0 -3.979428299774483e-09 0.007718113125697508 0.0 -0.029647803340675936 -0.343050886508625 0.0 0.00185528110306426 0.006317971175563356 0.0 3.979428299774483e-09 0.0007000650059246268 0.0 0.024729962176961835 0.35587968787287194 0.0 
	0.0 0.0 0.014491215495334372 0.0 0.0 -0.0009449948383474465 0.0 0.0 0.0014001379707058532 0.0 0.0 -0.029858008681754925 0.0 0.0 -0.00420040595326096 0.0 0.0 -0.0014001379707058532 0.0 0.0 0.027057740699199816 
